0.08657791538881754
-0.6605122188525754
0.4541724480944338
0.4175465393964566
-0.3177293253265272
0.652253165726012
0.5755663968003837
-0.6090406956368841
0.755664137457934
0.8103488926511517
0.6649355871800897
-0.9012272080231611
0.5625588493915945
0.6321470337425947
0.21189813698389548
-0.5389300826821215
0.16637718500089194
-0.36063481106961803
-0.36917599969423476
0.09113638899136012
0.15041779008240175
0.6298216509091801
0.6978786360032965
-0.8103616702118404
0.6518388684949201
-0.9323792913768894
0.7257792213959056
-0.05864437637380204
-0.7632132571166046
0.14360359448784799
-0.9933883975142275
0.5825711359899088
-0.6903802098927474
-0.4221372067004483
0.046673730028896854
0.4241042724584605
-0.5879872854574617
0.9743294271614085
0.05843234486700255
-0.314355697256534
-0.7007013645807365
-0.5635076805359365
-0.47338392446677324
0.9354797379097464
-0.9387511944807674
0.42745261315576744
0.48161483675606753
-0.4567282749634509
-0.7096028070691618
0.5478898379523574
0.1530728974836797
0.7301891141378312
0.49382845882367943
-0.6097645136892167
-0.3560040052716067
-0.43455817055424717
-0.020566378236637206
-0.9509335383963984
-0.028768238492664633
-0.9310516871754073
0.9010220943407536
0.27619930906245416
0.7899324323075316
-0.8400557356575407
-0.6581623137335544
0.8344518068748401
-0.4633090040107779
-0.3205973846256367
-0.8026254998227893
-0.9293782876910732
-0.911729800077199
0.9311382959157113
-0.09743907986802713
-0.27413409689275214
0.5900667944990454
0.43748149130113045
-0.08250882115239722
-0.5042085494792237
0.18384177362093057
0.291633492770359
0.39983272332797104
0.3709634094180463
0.0019530720452560768
0.4711805669684661
0.22844070507982783
-0.3369007424508954
-0.38870773976296524
-0.17277286417571158
-0.458358936357421
0.9880481821859164
0.14602791819488603
0.08203555013044506
-0.4839751080060417
0.9821817346511208
-0.44447742709819393
0.3638442211482471
-0.12835886712965627
-0.767394444689911
-0.14701881728451927
0.17018915689463476
0.6430801610659405
-0.18435282915657214
0.5055657240011284
0.8940754265224968
0.19926328126727944
-0.33296299350023517
0.05800493123571937
0.6049000149672619
0.965108690743903
0.5076076631566142
-0.5896455435189829
0.004698097148286395
0.970525489922949
-0.3629972290271388
-0.12298439507119774
-0.5662392593146082
0.38797663593108656
0.7899263335377369
0.12410825044845097
0.1998292014242673
-0.3449325393077112
0.8122633916015254
0.8000211379719229
0.9665344836710221
-0.4350963939688339
0.5889870680723013
0.052459869285963245
0.8095510925657228
0.6636481028304175
0.3264071492044711
0.476219970870817
0.547072289499148
0.6489926521533962
0.8570935628146863
-0.49474693757086485
-0.5350647300972242
0.9635387186775766
-0.9399289592984799
-0.5015037626992551
-0.37962919486295643
0.9980908757032951
0.7402419576478287
-0.6126646650869729
-0.7481232749669633
0.5939967038958496
0.917491108602899
0.09086627452097051
0.8105480251554762
0.9641684454836725
0.16916878671425017
0.170570996434515
0.5668921818850212
0.1244712735286917
-0.6281339659903005
0.7507382869733379
-0.10332780939904418
-0.24853954867957007
-0.22834980233743196
-0.8502115404409734
0.43414396535467037
-0.24798794855948114
-0.9825689988239921
0.07363066573708221
0.4484117083923782
-0.7668033787059445
0.8858457553943409
0.7091614834434052
0.19976039176629734
0.5994633045441844
0.4025730683640967
-0.9118756877077621
0.18265176969867003
-0.172789823771907
-0.04001179921168463
-0.21485174851371558
0.5270093530388176
-0.5291563260402428
-0.8022667147526423
-0.3697932573980569
-0.006281109981222999
0.706895780998243
-0.37250622120763355
-0.03294471338872884
-0.07707431372221096
0.6374067340790421
0.7230466971347529
0.7824012902793396
-0.30447447021345786
0.2185944117662395
0.8445388538913496
-0.3279778885476934
0.3144364634044128
0.2256903897468885
-0.42385498205328087
0.43140840381112744
-0.9758606086042292
-0.7918429733005392
-0.911959021061725
0.340453984565819
-0.13731277339947678
-0.9904198105641004
-0.7405660500666669
0.12501318062746036
-0.6140027210140442
-0.01927345642824818
-0.15406160677528247
0.4234023808182352
0.8976899730350796
0.7135768226693049
0.22670361718269505
0.5847379684052532
-0.14677412348649677
-0.19298588426198315
0.6659919021683272
0.04397092844380146
-0.07932447136669984
0.8327871199473771
0.5950110487282534
0.3533352575310331
0.43975157638649454
-0.5808406522925853
-0.9767488469788135
0.7066292403112335
0.44249611804453637
-0.2554692947242039
0.8717675212299356
0.6590114001250225
-0.5123308963941056
-0.8206463331421501
0.14347230765813124
-0.9630063646528033
0.9288099322076337
-0.7468732779392955
-0.9804643290063915
-0.7109147477217899
0.06578985295778028
0.8484261102156665
0.2897122508563319
