0.36400912117595574
-0.8167947838408722
0.2356326977228047
0.6838398091019124
0.6691005771521796
0.030035451582698824
0.26207593059135315
-0.2615403318741629
0.05603724403844934
-0.7842866333945362
0.365899867666593
0.20133672349955978
-0.43615095428719
-0.24285431246360178
0.4722630742673428
-0.11224511050585262
0.9192321270731016
0.9425119296149647
0.6767252094970857
-0.8179449973537483
-0.8496947356511808
-0.42282803461398655
-0.2777858726943907
0.4099057828240307
0.6537729291288705
0.12524869093538205
0.2783821330246692
0.14615952924534104
-0.9318868099586262
0.05332675009070864
-0.5735123678267477
-0.1660743197348431
-0.9824319182697165
0.311562948079819
0.820446302904154
-0.8627781911617916
0.16013348437636976
-0.9530378829851294
-0.29625398624686317
-0.6814283904300344
0.7211638990298035
0.45605355521298874
0.7930703452553327
-0.5640717784189238
0.43779899644202636
0.3989940468556774
0.021365980050351396
0.8323876306670177
0.24985247913106456
-0.43438377570202213
0.43418564205762666
-0.03752636696182243
-0.5739349534155718
0.23560994319145
-0.9034273410029012
-0.10186682485088183
0.11353265715736538
-0.9949236472434915
0.2971400356164591
-0.823606588790804
0.2994886954157616
-0.31774036063751043
-0.9410943672377701
0.9986598513919751
-0.8716556492786429
-0.6874210591895589
0.011498893167720903
-0.5097822574137667
0.06085686815584257
-0.05194525381886539
0.1530644771428442
0.08725416478694203
-0.4115420559607974
-0.5770848972804112
0.3890926862638593
-0.14203575879758845
0.041057341405870806
0.8318213922569975
-0.9830310589470621
-0.4453125883929556
0.12680198008553556
-0.892011549707904
0.5079501892872886
-0.19732982745210315
-0.3672586371382398
-0.6111335442797259
0.9336087302943856
-0.9068859187172116
0.642897415673666
0.4091118341597435
0.7949722791369325
0.40249011661189904
-0.306117821407359
0.09995104789355658
0.8432401209832319
-0.9182185106573648
0.6998991898236278
0.3468585879730215
-0.6063270461618249
0.9334812737172105
-0.40085565090618136
-0.9908744253019599
-0.4650227192104588
0.030326513549655987
-0.9444161167692622
0.18349765189491385
-0.11089524299262377
-0.33450807644226055
0.5113365326406654
0.23672231073718963
0.930694851354305
0.7393850182938109
0.7202937358826951
0.866112993858364
0.6998851354758207
-0.026609585175178863
-0.8631368143013212
-0.10583222503478673
0.23917215409671377
0.938839527464665
0.3078783720026772
0.14853596265278823
-0.8274238663380267
0.3009306388857278
-0.9259911851415397
-0.7130111474424066
-0.9135927448544399
0.465542187006855
0.8826687850927919
0.18852669858368687
-0.8250710742388911
0.4781311592241808
-0.6511751987815475
0.4188437665899125
0.3527976412836764
0.8895609557287676
-0.6691167032984078
-0.5335647620165094
-0.3615767831101291
-0.8469309334518673
0.890798655471688
0.24523813729271327
-0.7875104058622766
-0.0440760371226645
-0.802500352000393
0.9272626953268741
-0.28090522365061954
-0.9949077971629017
0.4804721050912448
-0.3388588745032881
0.29909282144325444
0.5647616168926064
-0.8503346641890075
0.09278081462155252
0.9003741785222077
-0.5451905519734175
-0.5012175055523955
0.3479348803792959
-0.8844408032624873
0.6396770700316774
0.6040974746328487
0.893011035993136
0.6665370542778111
0.16083842560824557
-0.07976444338656363
0.07211556713494494
0.2720286727484227
0.9533741632675705
-0.6952257119311944
-0.010897108097310593
-0.10010250850559577
-0.5087961585750667
-0.672255603773938
0.567171993175567
0.1698965851260943
0.3785012365602516
-0.4855041847143895
-0.04083597159525487
-0.6817636676784629
-0.6962559380894278
-0.7303460553075456
0.29768754427052757
0.6951494636565527
0.14269939767637285
0.5601741677213892
-0.8426316674293994
0.036530148193412826
-0.720931425007481
0.04955487896550914
-0.5022115172684534
-0.4924171012293814
0.837396610579572
0.09693255732317496
-0.5135588909788451
-0.019640374022756424
-0.4311973250228691
0.5898868253067027
-0.2048326806841385
0.684600515651598
0.18898267286590031
0.3029432505242251
0.21670866773037245
0.1726667212045172
-0.8746888255598773
0.5807164865537899
0.22814146432606486
-0.5520380239843461
-0.006069513124813186
0.9021956974044509
0.30709492767091673
0.10449083323623909
0.06083793079982369
-0.8613369439783172
-0.007209838137072211
-0.13425773584526834
0.2854922176204664
-0.27585041092133067
-0.7118344685554379
0.6981740720799468
-0.5029974924322285
-0.5490336142786367
-0.12909968710663655
0.8877187884529592
0.39880981665571547
-0.7171146677114233
-0.8089441899140517
0.0008490044116613582
-0.8763504181292205
-0.5452208093886415
-0.7733912901679967
0.728277389829342
0.7710294706629217
0.7379523639204488
0.3080592163121816
-0.9206972184637248
-0.4498701656314881
0.6561260221448424
-0.9183937817367709
-0.003290879125593227
0.59253957680819
-0.4869939032931516
-0.3062854400111037
0.2713882707362514
0.3104846293122765
-0.6936182123114409
0.5804514085917474
-0.8340624957438134
-0.6787132203142434
