1.0227139873560938
1.1867907353682123
1.880661252052049
1.3508606569644979
1.1427886259915843
1.8240816739470498
1.85543082493437
1.5360407989617633
1.9586193257239464
1.1828788828325139
1.2883354168076586
1.812863332928429
1.8444878430667404
1.5875395709535547
1.0650996088142546
1.0997606605485797
1.100904753309567
1.6619328041463297
1.3900062433679679
1.3627159680870742
1.230024429800518
1.5107663949152628
1.1202770797219088
1.0559384521413482
1.8999250937359826
1.0256450901796113
1.7979406909388547
1.9517985841686387
1.9614707286026514
1.7829310318471108
1.101371802955967
1.4261078583433453
1.762997152623118
1.0099336653576396
1.9419601541891955
1.3039439130710564
1.7671992293591487
1.2146810686449294
1.6223158147779535
1.221245954350657
1.1328248007900812
1.9913997904532388
1.1349696634372504
1.788680563107452
1.7142284681847233
1.7951186149039629
1.5825231319477253
1.0609906465846182
1.5955551524296459
1.1978613065015418
1.9254758606199498
1.259197905249804
1.155125708024946
1.8378369187617443
1.5803290479775849
1.780153243942031
1.3378171963660037
1.8887234261615506
1.0489819688763347
1.005227939030906
1.158423354256055
1.9474562615400908
1.3417022988040093
1.2799006238104953
1.6503306264183042
1.092791809661502
1.28769338240319
1.4158342786352969
1.4429594131110788
1.5354511962228894
1.8913345465090527
1.4446710927484996
1.5319037601155372
1.821736826126438
1.3717619834810049
1.8695749685947178
1.6439562447398988
1.3080915337918315
1.2352890235739062
1.0128727288805166
1.7411049049489646
1.2869731555100186
1.817060124965367
1.6628520856741726
1.6099950829495673
1.1061051994230393
1.9625803209140111
1.2146874738965896
1.7159048401000725
1.2275552168478923
1.6633620101987594
1.8219866332883394
1.172781313862411
1.0740468688511138
1.6711124723067656
1.4029727039657944
1.3259602860727306
1.1619244960993496
1.5089766779237577
1.5966188893509417
1.6263121226594976
1.4458627396084527
1.851036733534457
1.6283732163804752
1.5049155122614304
1.3813631443043817
1.0253271612256127
1.4295841258409165
1.6346641229230696
1.7665755182777667
1.8747055411317097
1.8699492185713447
1.6680717117874038
1.147982895181642
1.071747068600176
1.0855204307362991
1.4636188769240963
1.142736963517295
1.3675562052216144
1.9593724883170234
1.8347995515456978
1.440590561306006
1.590376516812595
1.6999386212430028
1.5763244960124374
1.2848783405833761
1.640269485437388
1.2553575722392059
1.146599382576141
1.2307143064507184
1.0782505890500813
1.950626425691591
1.3666951227524762
1.8970774858009536
1.029787277891108
1.5558952416634477
1.3331439788171435
1.914531003469204
1.1378937988437667
1.5868333526199128
1.620761587579104
1.36713240046851
1.7041245379175343
1.9380242127164786
1.3327672114400009
1.3092558414171405
1.2645470726157666
1.5549891745595663
1.611197920257418
1.5140208071414287
1.2540231249718063
1.1655122977048418
1.1306038806264427
1.8186751605189282
1.7752973533921135
1.5483034416962163
1.9408268676970266
1.1516878712685141
1.4749651562905526
1.273674194657863
1.7387110900717528
1.7855538617849853
1.476468176730916
1.7095991295818793
1.8818279040213308
1.512577925162836
1.025903412216125
1.9216632156034952
1.1694383493303042
1.666314233181836
1.6815054408013483
1.3128243287002397
1.2244297119673684
1.7411210650810087
1.5351120272929006
1.4510721536295548
1.567785578171864
1.2710845330070155
1.0256044651346492
1.960021245142105
1.6105590046337164
1.7001227620000232
1.6941483974000164
1.3380384483281333
1.9812247442389892
1.8516121701573907
1.3700982008271398
1.5154201265079603
1.286992983655205
1.9528454494323721
1.2324683478250482
1.064749317213368
1.566135014559901
1.1886109163819052
1.266844904255115
1.9698207505379746
1.0857181380016883
1.4385643688840215
1.5712713115054786
1.090228019505499
1.554045659345265
1.8297660023570883
1.413673961890474
1.1433438966171625
1.176542664124855
1.2461847569423894
1.1249964484676478
1.119016887687222
1.2376566155073345
1.905814098307718
1.544524438822997
1.0965272786515388
1.1448661791285688
1.4375661212419764
1.772116845291856
1.3092790174225688
1.5057329127277028
1.7583834722679583
1.9258224693057144
1.0003443225570243
1.6901830073918864
1.8102740995739062
1.1476410783877296
1.7848070663186033
1.9877443600093418
1.2654519001739297
1.4838018210105726
1.9170697381891189
1.2921478084116509
1.0102759088398225
1.8502625930460694
1.5865150400614514
1.8827049984978133
1.6196790015645357
1.9020242232313294
1.695277046883281
1.5922890529021192
1.1836804836659316
1.0617140272882648
1.1208524763345886
1.4427605953446117
1.0289492583222888
1.295995380731179
1.8538519459771337
