1.2088390321129987
1.7375459833266027
1.5506762363334468
1.2591610448684278
1.2516838937571757
1.0446573878171843
1.3406920671748865
1.050586093918445
1.8653678718132878
1.3032004720514805
1.8795031431986415
1.6146552786814476
1.1420177475455766
1.6696459313328518
1.104622023717711
1.3541220932980846
1.6540839465482664
1.3842088875023204
1.4868455060724628
1.256518638576999
1.4172924528141353
1.1345164591696966
1.0091816399674505
1.646688082882304
1.6761787633247105
1.0776900833476506
1.3376303870150779
1.8727991844239567
1.7103670886692561
1.296606397491312
1.3459478540868381
1.4622102048240584
1.3602443089889695
1.4977803843550763
1.5469412223242587
1.2532267848994296
1.6001872655529423
1.238382416031636
1.3854537736559485
1.7487063701031738
1.384261982095733
1.4042044024639728
1.5201989028420586
1.0408082284978037
1.8988793746771162
1.9031356475286287
1.3484047405644104
1.3981557175737331
1.2455399874486135
1.6830370084335922
1.2272299133243751
1.4102362512726745
1.485656427725291
1.1468172194668802
1.7634984485174434
1.556073644708559
1.4731224130000862
1.0498568318093104
1.1397297798383614
1.908434906843111
1.9162935313356937
1.6841660989405258
1.334995961968052
1.7628906193128708
1.2202191631379096
1.2435754916772033
1.9501781848671196
1.175817974862238
1.0928065329468803
1.319312399574871
1.9045670441158125
1.6573128365105265
1.3748626428914734
1.3246912884179647
1.5769454760992483
1.376152824169925
1.4872074928666652
1.6993974974916846
1.4658924536627669
1.5891428901289597
1.4200991170634194
1.0294505188134582
1.3612160262142177
1.6013896948302135
1.3171681231759984
1.0434345321062857
1.3608880818754658
1.583654504873084
1.5332965090329955
1.0188688992871264
1.0285688974512202
1.3860389623414884
1.294024084878937
1.3967582077215899
1.9624769385329968
1.4313385477738803
1.0962715015048743
1.7440566209791322
1.241099915339106
1.2230146390373118
1.2165975180345105
1.6628693493981888
1.6938945899705433
1.971678708073401
1.455154968375095
1.3398110837287558
1.427196972749277
1.6763829131747672
1.6019344139572111
1.7595438468267495
1.641843181545508
1.3353664899799993
1.2584311830379682
1.1918179371555242
1.9485010917854637
1.411627064350444
1.3847477478050085
1.5671213836329598
1.269887459577347
1.818793613412607
1.783897472230434
1.464162462515226
1.3407311900390009
1.1804246093271435
1.7307638394287048
1.71518067080618
1.502595341936375
1.7999669382792507
1.742792935602326
1.222482489196035
1.0845779900719004
1.0867261322822444
1.918485801183731
1.2827846329598214
1.8540670166085165
1.4925649339015852
1.5916155105231429
1.7212744449094304
1.8277198403325299
1.4309522320888366
1.7034710447993433
1.624871446249692
1.332773627671179
1.4166331099029117
1.518167842224942
1.9178467559929704
1.9843589272533921
1.8736743889322427
1.874245343368047
1.2611709459501221
1.146145455117774
1.8474113236348644
1.6957026131842028
1.1724406147858146
1.3017339401732153
1.725310724475925
1.3318979132470443
1.2578778271275628
1.1260723757525941
1.6827103576717188
1.0813661007587656
1.1629589007233254
1.7887700805733928
1.316728665055203
1.9686193166750934
1.4040407837480608
1.1418916443780964
1.1611818110625156
1.5699510305775246
1.382537798619563
1.447240762001369
1.0323292871873855
1.7428142044183625
1.3072936673304771
1.0854572516454817
1.4214788101682
1.52998350668306
1.1382653442404496
1.4495605666875746
1.7848633535808345
1.1286362790612192
1.4331223226002998
1.972859218127525
1.9875906144787703
1.0397525698459358
1.910535521746838
1.5160812946319742
1.8601455055025284
1.5311174865256332
1.7766733028835433
1.912800819507812
1.133242233437946
1.4534071368703205
1.2445289178264818
1.3430997756797693
1.4385037506731737
1.4106880762537517
1.5148318090232262
1.826227115698582
1.9905572922793149
1.5032723845360718
1.980172711417651
1.7465263928853676
1.5463787018177135
1.0875652957938708
1.8839950164562178
1.3332983177335254
1.1652639851805748
1.8021496638796806
1.696685383777844
1.7529717164340926
1.1612755117574856
1.9865445931722368
1.190520432645395
1.9844735901670183
1.7290921201556846
1.724794398517663
1.395299123010618
1.2150041110007819
1.0892211865879515
1.0478493862055704
1.232806015649583
1.0964053518654384
1.162013969642247
1.2507098040060938
1.5645511884921954
1.5237677673574743
1.0016851957452435
1.1709979513205755
1.4663167977167224
1.5303871583121857
1.2362590141593048
1.1757486741955447
1.884090965116889
1.4428868458160067
1.9080005653785306
1.9027753681700545
1.65484701134945
